eV	n	k
0.004	3.268	0.00446
0.008	3.37	0.01246
0.012	3.658	0.0388
0.014	4.037	0.09003
0.015	4.422	0.16416
0.016	5.207	0.39591
0.0162	5.474	0.50319
0.0164	5.808	0.66274
0.0166	6.238	0.91538
0.0168	6.795	1.34909
0.017	7.484	2.16893
0.0171	7.823	2.85178
0.0172	8.034	3.80965
0.0173	7.891	5.03732
0.0174	7.148	6.28086
0.01745	6.555	6.75856
0.0175	5.882	7.07673
0.0176	4.543	7.23899
0.0177	3.459	6.97949
0.0178	2.674	6.55134
0.0179	2.122	6.09241
0.018	1.728	5.65692
0.0182	1.228	4.90513
0.0184	0.936	4.29929
0.0186	0.753	3.80264
0.0188	0.63	3.38451
0.019	0.545	3.0231
0.02	0.384	1.64902
0.021	0.724	0.45615
0.022	1.407	0.14313
0.023	1.739	0.07777
0.024	1.938	0.04993
0.025	2.072	0.03498
0.03	2.382	0.01063
0.04	2.56	0.00279
0.05	2.619	0.00119
0.06	2.647	0.00063
0.07	2.662	0.00037
0.08	2.672	0.00024
0.09	2.679	0.00017
0.1	2.683	0.00012
0.2	2.697	0
0.3	2.7	0
0.4	2.701	0
0.5	2.703	0
0.55	2.707	0
0.6	2.712	0
0.65	2.717	0
0.7	2.723	0
0.75	2.729	0
0.8	2.736	0
0.85	2.744	0
0.9	2.752	0
0.95	2.762	0
1	2.773	0
1.05	2.785	0
1.1	2.798	0
1.15	2.813	0
1.2	2.83	0
1.254	2.852	0
1.304	2.874	0
1.354	2.898	0
1.405	2.932	0
1.455	2.989	0.00024
1.5	3.037	0.1
1.518	3.037	0.148
1.536	3.033	0.125
1.554	3.021	0.151
1.572	3.012	0.158
1.59	3.004	0.165
1.608	2.997	0.176
1.627	2.992	0.173
1.645	2.991	0.172
1.663	2.99	0.175
1.681	2.989	0.178
1.699	2.989	0.181
1.717	2.989	0.187
1.735	2.99	0.191
1.753	2.99	0.198
1.771	2.992	0.197
1.789	2.994	0.203
1.807	2.995	0.209
1.825	2.997	0.211
1.843	3	0.214
1.861	3.002	0.214
1.88	3.005	0.217
1.898	3.009	0.219
1.916	3.013	0.218
1.934	3.016	0.22
1.952	3.019	0.225
1.97	3.023	0.231
1.988	3.027	0.234
2.006	3.031	0.24
2.024	3.035	0.245
2.042	3.04	0.25
2.06	3.044	0.251
2.078	3.048	0.258
2.096	3.054	0.26
2.114	3.059	0.261
2.133	3.064	0.265
2.151	3.07	0.268
2.169	3.076	0.271
2.187	3.083	0.273
2.205	3.089	0.281
2.223	3.095	0.285
2.241	3.102	0.292
2.259	3.108	0.297
2.277	3.116	0.302
2.295	3.123	0.308
2.313	3.131	0.313
2.331	3.139	0.319
2.349	3.148	0.324
2.367	3.157	0.332
2.386	3.165	0.339
2.404	3.174	0.348
2.422	3.182	0.357
2.44	3.19	0.368
2.458	3.197	0.379
2.476	3.204	0.39
2.494	3.21	0.398
2.512	3.217	0.408
2.53	3.223	0.417
2.548	3.23	0.425
2.566	3.237	0.434
2.584	3.243	0.442
2.602	3.252	0.451
2.62	3.259	0.461
2.639	3.269	0.47
2.657	3.276	0.48
2.675	3.286	0.49
2.693	3.296	0.5
2.711	3.305	0.509
2.729	3.315	0.519
2.747	3.326	0.531
2.765	3.336	0.543
2.783	3.347	0.555
2.801	3.358	0.569
2.819	3.369	0.582
2.837	3.381	0.596
2.855	3.393	0.611
2.873	3.405	0.625
2.892	3.418	0.642
2.91	3.43	0.659
2.928	3.444	0.676
2.946	3.457	0.696
2.964	3.47	0.715
2.982	3.484	0.736
3	3.498	0.759
3.018	3.513	0.782
3.036	3.528	0.808
3.054	3.543	0.835
3.072	3.558	0.864
3.09	3.572	0.896
3.108	3.587	0.93
3.127	3.6	0.966
3.145	3.613	1.007
3.163	3.625	1.051
3.181	3.634	1.101
3.199	3.641	1.154
3.217	3.643	1.213
3.235	3.639	1.277
3.253	3.627	1.345
3.271	3.605	1.416
3.289	3.569	1.489
3.307	3.515	1.561
3.325	3.441	1.625
3.343	3.35	1.668
3.361	3.251	1.683
3.38	3.158	1.667
3.398	3.085	1.626
3.416	3.04	1.575
3.434	3.019	1.528
3.452	3.013	1.489
3.47	3.016	1.463
3.488	3.023	1.445
3.506	3.032	1.434
3.524	3.04	1.43
3.542	3.047	1.43
3.56	3.054	1.434
3.578	3.06	1.439
3.596	3.066	1.448
3.614	3.07	1.459
3.633	3.074	1.472
3.651	3.077	1.486
3.669	3.08	1.503
3.687	3.081	1.521
3.705	3.082	1.542
3.723	3.08	1.566
3.741	3.077	1.591
3.759	3.071	1.618
3.777	3.063	1.648
3.795	3.052	1.679
3.813	3.053	1.712
3.831	3.015	1.745
3.849	2.988	1.778
3.869	2.956	1.809
3.886	2.917	1.838
3.904	2.873	1.86
3.922	2.822	1.875
3.94	2.768	1.881
3.958	2.715	1.876
3.976	2.665	1.859
3.994	2.624	1.834
4.012	2.593	1.806
4.03	2.571	1.776
4.048	2.557	1.748
4.066	2.548	1.724
4.084	2.543	1.703
4.102	2.54	1.685
4.12	2.538	1.67
4.139	2.537	1.658
4.157	2.537	1.647
4.175	2.538	1.638
4.193	2.538	1.63
4.211	2.539	1.623
4.229	2.539	1.617
4.247	2.541	1.612
4.265	2.543	1.607
4.283	2.546	1.603
4.301	2.548	1.6
4.319	2.551	1.598
4.337	2.555	1.596
4.355	2.558	1.596
4.373	2.562	1.595
4.392	2.566	1.596
4.41	2.571	1.596
4.428	2.576	1.599
4.446	2.582	1.602
4.464	2.586	1.605
4.482	2.592	1.608
4.5	2.598	1.613
4.518	2.604	1.619
4.536	2.611	1.625
4.554	2.617	1.632
4.572	2.624	1.64
4.59	2.63	1.649
4.608	2.638	1.659
4.627	2.645	1.67
4.645	2.653	1.682
4.663	2.659	1.696
4.681	2.668	1.71
4.699	2.675	1.725
4.717	2.681	1.742
4.735	2.689	1.762
4.753	2.696	1.78
4.771	2.702	1.802
4.789	2.709	1.825
4.807	2.713	1.849
4.825	2.718	1.875
4.843	2.722	1.904
4.861	2.723	1.936
4.88	2.725	1.966
4.898	2.724	2.002
4.916	2.721	2.038
4.934	2.714	2.076
4.952	2.704	2.116
4.97	2.692	2.16
4.988	2.675	2.201
5.006	2.655	2.242
5.024	2.627	2.285
5.042	2.598	2.325
5.06	2.562	2.362
5.078	2.527	2.399
5.096	2.487	2.43
5.114	2.446	2.458
5.133	2.4	2.483
5.151	2.356	2.507
5.169	2.31	2.525
5.187	2.264	2.542
5.205	2.217	2.556
5.223	2.169	2.568
5.241	2.122	2.578
5.259	2.07	2.583
5.277	2.022	2.587
5.295	1.973	2.587
