nm	n	k
250	2.231251	0.441691
260	2.203069	0.442846
270	2.192317	0.474999
280	2.231507	0.524501
290	2.330437	0.533651
300	2.424421	0.463603
310	2.459945	0.360447
320	2.450969	0.27087
330	2.423128	0.204229
340	2.389827	0.155939
350	2.356268	0.120617
360	2.324254	0.094495
370	2.294362	0.075169
371.200775	2.290926	0.073225
372.777283	2.286465	0.070785
374.353821	2.282063	0.068466
375.93042	2.277718	0.066265
377.50708	2.273433	0.064178
379.083801	2.269207	0.0622
380	2.266779	0.061101
380.660583	2.265041	0.06033
382.237427	2.260936	0.058563
383.814331	2.256892	0.056897
385.391296	2.25291	0.055328
386.968292	2.248991	0.053854
388.545349	2.245136	0.052473
390	2.241639	0.051279
390.122437	2.241348	0.051182
391.699615	2.237626	0.049979
393.276825	2.233974	0.048861
394.854065	2.230395	0.047827
396.431396	2.226892	0.046874
398.008759	2.223472	0.046
399.586182	2.220146	0.045204
400	2.219293	0.045005
401.163635	2.216934	0.044455
402.74115	2.213811	0.043732
404.318695	2.210765	0.043033
405.896301	2.207788	0.042357
407.473938	2.204877	0.041703
409.051636	2.202026	0.041071
410	2.20034	0.040701
410.629395	2.199232	0.040459
412.207184	2.196492	0.039867
413.784973	2.193804	0.039294
415.362854	2.191165	0.038739
416.940765	2.188574	0.038202
418.518707	2.186027	0.037681
420	2.183677	0.037207
420.09668	2.183525	0.037177
421.674713	2.181064	0.036688
423.252777	2.178644	0.036214
424.830902	2.176262	0.035754
426.409027	2.173919	0.035308
427.987213	2.171611	0.034876
429.56543	2.169339	0.034456
430	2.16872	0.034343
431.143707	2.167101	0.034048
432.721985	2.164896	0.033653
434.300293	2.162723	0.033269
435.878662	2.160581	0.032896
437.457031	2.158469	0.032534
439.035492	2.156386	0.032181
440	2.155128	0.031971
440.613922	2.154332	0.031839
442.192444	2.152305	0.031507
443.770935	2.150305	0.031184
445.349457	2.14833	0.03087
446.92807	2.146382	0.030564
448.506653	2.144457	0.030267
450	2.142659	0.029994
450.085297	2.142557	0.029979
451.663971	2.14068	0.029698
453.242615	2.138826	0.029424
454.82135	2.136993	0.029158
456.400085	2.135183	0.0289
457.978851	2.133393	0.028648
459.557617	2.131624	0.028403
460	2.131132	0.028335
461.136414	2.129874	0.028164
462.715271	2.128145	0.027932
464.294098	2.126434	0.027706
465.872986	2.124741	0.027486
467.451843	2.123067	0.027272
469.030823	2.12141	0.027064
470	2.120401	0.026939
470.609711	2.11977	0.026861
472.18866	2.118147	0.026663
473.767639	2.116541	0.026471
475.346619	2.11495	0.026283
476.925629	2.113375	0.026101
478.504639	2.111816	0.025923
480	2.110353	0.025759
480.083679	2.110271	0.02575
481.66275	2.108741	0.025581
483.241791	2.107225	0.025417
484.820892	2.105723	0.025258
486.399994	2.104234	0.025102
487.979095	2.102759	0.02495
489.558197	2.101297	0.024803
490	2.10089	0.024762
491.137299	2.099847	0.024659
492.716461	2.09841	0.02452
494.295593	2.096985	0.024383
495.874756	2.095572	0.024251
497.453918	2.094171	0.024122
499.033051	2.092781	0.023996
500	2.091935	0.023921
500.612244	2.091402	0.023874
502.191467	2.090034	0.023755
503.770599	2.088676	0.02364
505.349792	2.087329	0.023527
506.929016	2.085992	0.023418
508.508209	2.084666	0.023311
510	2.083421	0.023214
510.087402	2.083349	0.023208
511.666595	2.082041	0.023107
513.245789	2.080743	0.02301
514.825073	2.079454	0.022915
516.404236	2.078174	0.022822
517.983459	2.076903	0.022733
519.562622	2.075641	0.022646
520	2.075293	0.022622
521.141846	2.074387	0.022561
522.721069	2.073141	0.022479
524.300232	2.071903	0.0224
525.879456	2.070673	0.022323
527.458618	2.069452	0.022248
529.037842	2.068237	0.022175
530	2.067501	0.022132
530.617004	2.06703	0.022105
532.196167	2.065831	0.022037
533.77533	2.064639	0.021971
535.354492	2.063453	0.021907
536.933655	2.062275	0.021846
538.512817	2.061103	0.021786
540	2.060005	0.021732
540.091919	2.059938	0.021729
541.671021	2.058779	0.021673
543.250122	2.057627	0.02162
544.829224	2.056481	0.021568
546.408325	2.055341	0.021518
547.987427	2.054207	0.02147
549.566528	2.053079	0.021424
550	2.05277	0.021412
551.145569	2.051956	0.02138
552.724548	2.05084	0.021338
554.303589	2.049729	0.021297
555.882568	2.048623	0.021258
557.461548	2.047522	0.021221
559.040527	2.046427	0.021185
560	2.045764	0.021164
560.619507	2.045337	0.021151
562.198425	2.044251	0.021119
563.777344	2.043171	0.021088
565.356262	2.042096	0.021059
566.93512	2.041025	0.021031
568.513977	2.039959	0.021005
570	2.03896	0.020982
570.092773	2.038897	0.02098
571.67157	2.03784	0.020957
573.250366	2.036787	0.020935
574.829102	2.035738	0.020915
576.407837	2.034694	0.020896
577.986572	2.033654	0.020879
579.565247	2.032617	0.020863
580	2.032333	0.020859
581.143921	2.031585	0.020848
582.722534	2.030557	0.020835
584.301147	2.029532	0.020823
585.8797	2.028511	0.020812
587.458252	2.027493	0.020803
589.036743	2.02648	0.020795
590	2.025863	0.020791
590.615234	2.025469	0.020788
592.193726	2.024462	0.020783
593.772095	2.023459	0.020778
595.350464	2.022459	0.020775
596.928833	2.021462	0.020774
598.507202	2.020468	0.020773
600	2.019531	0.020773
600.085449	2.019477	0.020773
601.663696	2.018489	0.020775
603.241943	2.017504	0.020778
604.820129	2.016523	0.020782
606.398254	2.015543	0.020787
607.976379	2.014567	0.020794
609.554443	2.013594	0.020801
610	2.013319	0.020804
611.132446	2.012623	0.02081
612.710449	2.011655	0.02082
614.288391	2.010689	0.02083
615.866333	2.009726	0.020842
617.444214	2.008765	0.020855
619.021973	2.007807	0.020869
620	2.007215	0.020878
620.599731	2.006851	0.020884
622.177551	2.005898	0.0209
623.755249	2.004946	0.020917
625.332886	2.003997	0.020935
626.910461	2.003051	0.020954
628.488037	2.002106	0.020975
630	2.001202	0.020995
630.065552	2.001163	0.020996
631.643005	2.000222	0.021018
633.220398	1.999284	0.021041
634.797791	1.998347	0.021065
636.375122	1.997412	0.02109
637.952393	1.996479	0.021116
639.529602	1.995548	0.021143
640	1.99527	0.021151
641.10675	1.994618	0.021171
642.683899	1.993691	0.0212
644.260925	1.992765	0.02123
645.837952	1.99184	0.02126
647.414917	1.990918	0.021292
648.991821	1.989996	0.021324
650	1.989408	0.021346
650.568665	1.989077	0.021358
652.145447	1.988159	0.021392
653.722168	1.987242	0.021427
655.298828	1.986327	0.021464
656.875488	1.985413	0.021501
658.452026	1.984501	0.021539
660	1.983606	0.021577
660.028503	1.983589	0.021577
661.60498	1.982679	0.021617
663.181335	1.981771	0.021658
664.75769	1.980864	0.021699
666.333923	1.979957	0.021741
667.910156	1.979052	0.021784
669.486267	1.978149	0.021828
670	1.977854	0.021843
671.062378	1.977246	0.021873
672.638306	1.976344	0.021919
674.214294	1.975443	0.021965
675.790161	1.974544	0.022012
677.365967	1.973645	0.022061
678.941772	1.972748	0.02211
680	1.972145	0.022143
680.517456	1.971851	0.022159
682.093018	1.970955	0.02221
683.668579	1.97006	0.022261
685.244019	1.969166	0.022314
686.819458	1.968273	0.022367
688.394775	1.96738	0.02242
689.970032	1.966488	0.022475
690	1.966471	0.022476
691.545227	1.965597	0.02253
693.1203	1.964707	0.022587
694.695374	1.963817	0.022644
696.270325	1.962928	0.022702
697.845215	1.96204	0.02276
699.420044	1.961152	0.02282
700	1.960826	0.022842
700.994751	1.960265	0.02288
702.569458	1.959379	0.022941
704.144043	1.958493	0.023002
705.718567	1.957607	0.023065
707.29303	1.956722	0.023128
708.86731	1.955838	0.023192
710	1.955202	0.023239
710.441589	1.954954	0.023257
712.015808	1.954071	0.023322
713.589966	1.953187	0.023389
715.16394	1.952305	0.023456
716.737915	1.951422	0.023524
718.311768	1.95054	0.023592
719.885559	1.949659	0.023662
720	1.949595	0.023667
721.45929	1.948777	0.023732
723.032837	1.947896	0.023803
724.606384	1.947016	0.023874
726.179871	1.946135	0.023947
727.753235	1.945255	0.02402
729.326477	1.944375	0.024094
730	1.943998	0.024125
730.899658	1.943495	0.024168
732.472778	1.942615	0.024244
734.045776	1.941736	0.02432
735.618713	1.940856	0.024396
737.191528	1.939977	0.024474
738.764282	1.939098	0.024552
740	1.938408	0.024614
740.336853	1.938219	0.024631
741.909424	1.93734	0.024711
743.481873	1.936462	0.024792
745.05426	1.935583	0.024873
746.626526	1.934704	0.024955
748.198669	1.933825	0.025038
749.770752	1.932947	0.025121
750	1.932819	0.025133
751.342712	1.932068	0.025205
752.914612	1.931189	0.02529
754.48645	1.93031	0.025376
756.058105	1.929431	0.025462
757.6297	1.928553	0.025549
759.201172	1.927673	0.025637
760	1.927227	0.025682
760.772583	1.926794	0.025726
762.343872	1.925915	0.025815
763.915039	1.925036	0.025905
765.486145	1.924156	0.025995
767.057068	1.923277	0.026087
768.627991	1.922397	0.026179
770	1.921628	0.02626
770.19873	1.921517	0.026272
771.769409	1.920636	0.026366
773.339966	1.919756	0.02646
774.910461	1.918875	0.026555
776.480835	1.917994	0.026651
778.051025	1.917113	0.026747
779.621216	1.916232	0.026844
780	1.916019	0.026868
781.191223	1.91535	0.026942
782.761108	1.914468	0.027041
784.330933	1.913586	0.02714
785.900635	1.912703	0.02724
787.470215	1.91182	0.027341
789.039673	1.910937	0.027443
790	1.910396	0.027505
790.60907	1.910053	0.027545
792.178345	1.909169	0.027648
793.747437	1.908285	0.027752
795.316467	1.9074	0.027856
796.885376	1.906515	0.027961
798.454224	1.90563	0.028067
800	1.904757	0.028172
800.022827	1.904744	0.028173
801.591431	1.903857	0.028281
803.159851	1.902971	0.028389
804.728149	1.902083	0.028497
806.296387	1.901196	0.028607
807.864441	1.900307	0.028717
809.432434	1.899419	0.028828
810	1.899097	0.028868
811.000305	1.89853	0.02894
812.567993	1.89764	0.029052
814.13562	1.89675	0.029165
815.703064	1.895859	0.029279
817.270447	1.894968	0.029393
818.837708	1.894076	0.029508
820	1.893414	0.029594
820.404785	1.893184	0.029624
821.971802	1.892291	0.029741
823.538696	1.891397	0.029858
825.105347	1.890504	0.029977
826.671997	1.889609	0.030095
828.238464	1.888714	0.030215
829.80481	1.887818	0.030335
830	1.887706	0.03035
831.370972	1.886922	0.030456
832.937134	1.886025	0.030578
834.503052	1.885127	0.030701
836.06897	1.884229	0.030824
837.634583	1.88333	0.030948
839.200195	1.88243	0.031072
840	1.88197	0.031136
840.765625	1.88153	0.031198
842.330872	1.880629	0.031324
843.896118	1.879728	0.031451
845.461121	1.878825	0.031578
847.026001	1.877922	0.031707
848.590698	1.877019	0.031836
850	1.876204	0.031953
850.155396	1.876114	0.031966
851.719849	1.875209	0.032096
853.28418	1.874303	0.032227
854.84845	1.873397	0.032359
856.412476	1.87249	0.032492
857.97644	1.871581	0.032626
859.540222	1.870673	0.03276
860	1.870405	0.0328
861.103821	1.869763	0.032895
862.667358	1.868853	0.033031
864.230774	1.867942	0.033167
865.793945	1.86703	0.033304
867.357056	1.866117	0.033442
868.919922	1.865204	0.033581
870	1.864572	0.033677
870.482727	1.864289	0.03372
872.04541	1.863374	0.033861
873.60791	1.862458	0.034002
875.170227	1.861541	0.034143
876.732422	1.860624	0.034286
878.294556	1.859705	0.034429
879.856445	1.858786	0.034573
880	1.858702	0.034586
881.418152	1.857866	0.034718
882.979797	1.856945	0.034863
884.541199	1.856023	0.035009
886.102539	1.8551	0.035156
887.663696	1.854177	0.035304
889.224731	1.853252	0.035452
890	1.852793	0.035526
890.785522	1.852327	0.035602
892.346313	1.8514	0.035752
893.90686	1.850473	0.035902
895.467163	1.849545	0.036054
897.027466	1.848616	0.036206
898.587524	1.847686	0.036359
900	1.846843	0.036499
900.147461	1.846755	0.036513
901.707153	1.845824	0.036668
903.266785	1.844891	0.036823
904.826294	1.843957	0.036979
906.385559	1.843022	0.037136
907.944641	1.842087	0.037294
909.503601	1.84115	0.037453
910	1.840852	0.037503
911.062378	1.840213	0.037612
912.620972	1.839274	0.037772
914.179504	1.838335	0.037933
915.737793	1.837394	0.038094
917.296021	1.836453	0.038257
918.854004	1.83551	0.03842
920	1.834816	0.038541
920.411804	1.834567	0.038584
921.969421	1.833622	0.038749
923.526978	1.832677	0.038914
925.08429	1.83173	0.039081
926.641418	1.830783	0.039248
928.198425	1.829834	0.039416
929.755188	1.828885	0.039584
930	1.828735	0.039611
931.31189	1.827934	0.039754
932.868347	1.826982	0.039924
934.424622	1.82603	0.040095
935.980774	1.825076	0.040267
937.536743	1.824121	0.04044
939.09259	1.823165	0.040613
940	1.822607	0.040715
940.648132	1.822208	0.040788
942.203613	1.82125	0.040963
943.758911	1.820291	0.041139
945.313965	1.819331	0.041316
946.868835	1.81837	0.041493
948.423645	1.817407	0.041672
949.97821	1.816444	0.041851
950	1.81643	0.041853
951.532593	1.815479	0.042031
953.086792	1.814514	0.042212
954.640808	1.813547	0.042393
956.194641	1.812579	0.042576
957.748352	1.81161	0.042759
959.30188	1.81064	0.042943
960	1.810204	0.043026
960.855164	1.809669	0.043128
962.408325	1.808697	0.043314
963.961243	1.807723	0.043501
965.513977	1.806749	0.043688
967.066528	1.805773	0.043876
968.618958	1.804796	0.044066
970	1.803926	0.044235
970.171082	1.803818	0.044256
971.723145	1.802839	0.044446
973.275024	1.801858	0.044638
974.82666	1.800877	0.044831
976.378113	1.799894	0.045024
977.929382	1.79891	0.045218
979.480469	1.797925	0.045413
980	1.797595	0.045479
981.031372	1.796939	0.045609
982.582031	1.795951	0.045806
984.132507	1.794963	0.046003
985.682922	1.793973	0.046202
987.233032	1.792982	0.046401
988.782898	1.79199	0.046601
990	1.79121	0.046759
990.332703	1.790996	0.046803
991.882202	1.790002	0.047004
993.431519	1.789006	0.047207
994.980774	1.788009	0.047411
996.529663	1.787011	0.047615
998.07843	1.786011	0.047821
1000	1.78477	0.048077
1010	1.778273	0.049432
1012.665833	1.776531	0.0498
1016.039734	1.774321	0.050269
1019.414063	1.772103	0.050743
1020	1.771718	0.050826
1022.78894	1.769879	0.051222
1026.164307	1.767648	0.051705
1029.540161	1.765409	0.052192
1030	1.765104	0.052259
1032.916504	1.763164	0.052684
1036.293335	1.760911	0.053181
1039.670654	1.758651	0.053683
1040	1.75843	0.053732
1043.048462	1.756383	0.054189
1046.426758	1.754109	0.0547
1049.805542	1.751826	0.055215
1050	1.751695	0.055245
1053.184814	1.749537	0.055736
1056.564697	1.747239	0.056261
1059.944946	1.744935	0.056791
1060	1.744897	0.0568
1063.325684	1.742622	0.057327
1066.706909	1.740302	0.057867
1070	1.738036	0.058397
1070.088623	1.737975	0.058412
1073.470947	1.735639	0.058962
1076.853638	1.733296	0.059517
1080	1.73111	0.060037
1080.236816	1.730945	0.060077
1083.620483	1.728586	0.060642
1087.004639	1.72622	0.061212
1090	1.724118	0.061722
1090.389404	1.723845	0.061788
1093.774536	1.721462	0.062369
1097.160156	1.719071	0.062955
1100	1.71706	0.063451
1100.546265	1.716673	0.063546
1103.932861	1.714266	0.064143
1107.320068	1.71185	0.064745
1110	1.709934	0.065226
1110.707642	1.709427	0.065353
1114.095825	1.706995	0.065966
1117.484375	1.704556	0.066584
1120	1.702739	0.067047
1120.873413	1.702107	0.067209
1124.262939	1.699651	0.067838
1127.653076	1.697186	0.068474
1130	1.695474	0.068917
1131.043701	1.694712	0.069115
1134.434692	1.69223	0.069761
1137.826172	1.689739	0.070414
1140	1.688139	0.070835
1141.218262	1.68724	0.071072
1144.610718	1.684732	0.071736
1148.003662	1.682216	0.072406
1150	1.680731	0.072803
1151.397217	1.67969	0.073082
1154.79126	1.677156	0.073764
1158.185791	1.674613	0.074452
1160	1.673251	0.074822
1161.580688	1.672062	0.075146
1164.976074	1.669501	0.075847
1168.37207	1.666931	0.076553
1170	1.665696	0.076894
1171.768433	1.664353	0.077266
1175.165405	1.661765	0.077985
1178.562744	1.659168	0.07871
1180	1.658067	0.079019
1181.960693	1.656563	0.079442
1185.359131	1.653948	0.08018
1188.757935	1.651323	0.080925
1190	1.650362	0.081198
1192.157349	1.64869	0.081676
1195.557129	1.646047	0.082434
1198.95752	1.643395	0.083198
1200	1.64258	0.083434
1202.358276	1.640734	0.083969
1205.759644	1.638063	0.084747
1209.161377	1.635383	0.085532
1210	1.634721	0.085727
1212.563721	1.632693	0.086324
1215.966553	1.629994	0.087122
1219.369873	1.627285	0.087928
1220	1.626782	0.088078
1222.773682	1.624566	0.088741
1226.177856	1.621838	0.089561
1229.582642	1.6191	0.090388
1230	1.618764	0.090489
1232.987793	1.616353	0.091222
1236.393555	1.613595	0.092063
1239.799683	1.610828	0.092912
1240	1.610665	0.092962
1243.206421	1.608051	0.093769
1246.613525	1.605264	0.094633
1250	1.602484	0.095499
1250.02124	1.602467	0.095504
1253.429443	1.59966	0.096383
1256.838135	1.596842	0.09727
1260	1.594221	0.098099
1260.247314	1.594015	0.098165
1263.65686	1.591178	0.099067
1267.067017	1.58833	0.099977
1270	1.585873	0.100767
1270.477661	1.585473	0.100896
1273.888672	1.582605	0.101822
1277.300293	1.579726	0.102757
1280	1.577442	0.103502
1280.71228	1.576838	0.103699
1284.124878	1.573939	0.10465
1287.537964	1.571029	0.10561
1290	1.568924	0.106307
1290.951416	1.568109	0.106577
1294.365479	1.565179	0.107554
1297.780029	1.562238	0.108539
1300	1.56032	0.109184
1301.195068	1.559286	0.109532
1304.610596	1.556324	0.110535
1308.026489	1.553351	0.111546
1310	1.551628	0.112134
1311.442993	1.550367	0.112566
1314.859863	1.547372	0.113595
1318.277344	1.544367	0.114633
1320	1.542848	0.11516
1321.695313	1.541351	0.115681
1325.113647	1.538324	0.116738
1328.532593	1.535286	0.117804
1330	1.533979	0.118264
1331.951904	1.532237	0.118879
1335.371826	1.529177	0.119964
1338.792236	1.526106	0.121059
1340	1.525019	0.121448
1342.213135	1.523023	0.122163
1345.634521	1.51993	0.123277
1349.056274	1.516826	0.124402
1350	1.515967	0.124713
1352.478638	1.51371	0.125536
1355.901367	1.510583	0.12668
1359.324707	1.507444	0.127835
1360	1.506824	0.128064
1362.748413	1.504295	0.129
1366.172729	1.501133	0.130175
1369.597412	1.497961	0.131361
1370	1.497587	0.131501
1373.022705	1.494777	0.132557
1376.448486	1.491581	0.133764
1379.874756	1.488374	0.134983
1380	1.488256	0.135027
1383.301392	1.485155	0.136212
1386.728638	1.481925	0.137452
1390	1.478831	0.138646
1390.15625	1.478683	0.138703
1393.584473	1.475429	0.139966
1397.013062	1.472163	0.14124
1400	1.469309	0.142359
1400.442139	1.468886	0.142526
1403.871826	1.465597	0.143823
1407.302002	1.462296	0.145132
1410	1.459691	0.14617
1410.732666	1.458983	0.146453
1414.163696	1.455658	0.147787
1417.595215	1.452321	0.149132
1420	1.449976	0.150082
1421.027344	1.448972	0.15049
1424.459839	1.445611	0.15186
1427.892822	1.442238	0.153242
1430	1.440162	0.154097
1431.326416	1.438853	0.154638
1434.760498	1.435455	0.156046
1438.194946	1.432046	0.157468
1440	1.430249	0.15822
1441.630005	1.428624	0.158902
1445.06543	1.42519	0.16035
1448.501343	1.421744	0.161811
1450	1.420237	0.162452
1451.937744	1.418285	0.163286
1455.374756	1.414814	0.164774
1458.812256	1.411331	0.166277
1460	1.410124	0.166799
1462.250122	1.407835	0.167793
1465.688477	1.404327	0.169324
1469.127319	1.400806	0.170869
1470	1.399911	0.171263
1472.56665	1.397273	0.172428
1476.006592	1.393728	0.174003
1479.447021	1.390169	0.175592
1480	1.389596	0.175849
1482.887817	1.386599	0.177196
1486.329102	1.383015	0.178815
1489.770874	1.379419	0.18045
1490	1.37918	0.180559
1493.213135	1.375811	0.1821
1496.656006	1.37219	0.183766
1500	1.368661	0.1854
1500.099243	1.368556	0.185448
1503.542969	1.364909	0.187146
1506.987183	1.36125	0.188861
1510	1.358039	0.190374
1510.431885	1.357578	0.190592
1513.877075	1.353894	0.192339
1517.322754	1.350196	0.194104
1520	1.347315	0.195486
1520.768921	1.346486	0.195885
1524.215576	1.342764	0.197684
1527.662842	1.339028	0.1995
1530	1.336488	0.200742
1531.110474	1.33528	0.201335
1534.558472	1.331519	0.203186
1538.00708	1.327745	0.205057
1540	1.325559	0.206145
1541.456299	1.323959	0.206945
1544.905762	1.32016	0.208852
1548.355835	1.316348	0.210778
1550	1.314527	0.211702
1551.806396	1.312523	0.212723
1555.257446	1.308686	0.214687
1558.708984	1.304836	0.21667
1560	1.303393	0.217417
1562.161011	1.300974	0.218674
1565.613525	1.297099	0.220697
1569.066528	1.293211	0.22274
1570	1.292158	0.223296
1572.519897	1.28931	0.224804
1575.973877	1.285397	0.226889
1579.428345	1.281472	0.228995
1580	1.280821	0.229345
1582.883179	1.277534	0.231122
1586.338623	1.273584	0.23327
1589.794556	1.269621	0.23544
1590	1.269385	0.23557
1593.250854	1.265646	0.237632
1596.707764	1.261659	0.239847
1600	1.257851	0.241977
1600.165161	1.257659	0.242084
1603.622925	1.253648	0.244344
1607.081299	1.249624	0.246627
1610	1.246219	0.248572
1610.540161	1.245588	0.248933
1613.99939	1.24154	0.251264
1617.459229	1.237481	0.253618
1620	1.234492	0.255362
1620.919434	1.233409	0.255996
1624.380127	1.229326	0.2584
1627.841431	1.225231	0.260828
1630	1.222672	0.262355
1631.303101	1.221125	0.263281
1634.765381	1.217008	0.26576
1638.228027	1.212879	0.268265
1640	1.210762	0.269556
1641.691162	1.208739	0.270796
1645.154907	1.204588	0.273353
1648.618896	1.200426	0.275937
1650	1.198764	0.276975
1652.083618	1.196253	0.278549
1655.548828	1.19207	0.281188
1659.014282	1.187877	0.283854
1660	1.186682	0.284618
1662.480469	1.183673	0.286549
1665.947021	1.179458	0.289272
1669.414063	1.175235	0.292025
1670	1.17452	0.292493
1672.881592	1.171001	0.294806
1676.349609	1.166758	0.297617
1679.818115	1.162505	0.300458
1680	1.162282	0.300608
1683.287109	1.158244	0.303329
1686.756592	1.153973	0.30623
1690	1.149974	0.308971
1700	1.1376	0.31759
1710	1.125168	0.326474
1720	1.112684	0.335632
1730	1.100157	0.34507
1740	1.087595	0.354799
1750	1.075007	0.364825
1760	1.062405	0.375156
1770	1.0498	0.3858
1780	1.037204	0.396764
1790	1.02463	0.408055
1800	1.012093	0.419677
1810	0.999609	0.431636
1820	0.987193	0.443935
1830	0.974862	0.456578
1840	0.962635	0.469565
1850	0.950529	0.482897
1860	0.938564	0.496571
1870	0.926758	0.510585
1880	0.915131	0.524934
1890	0.903702	0.53961
1900	0.89249	0.554606
1910	0.881513	0.569911
1920	0.870788	0.585512
1930	0.860331	0.601396
1940	0.850158	0.617548
1950	0.840282	0.633951
1960	0.830715	0.650587
1970	0.821467	0.667438
1980	0.812546	0.684484
1990	0.80396	0.701705
2000	0.795712	0.719082
2010	0.787805	0.736595
2020	0.78024	0.754224
2030	0.773018	0.77195
2040	0.766134	0.789754
2050	0.759587	0.80762
2060	0.75337	0.825529
2070	0.747478	0.843467
2080	0.741904	0.861419
2090	0.736641	0.879371
2100	0.731681	0.89731
2110	0.727013	0.915225
2120	0.722631	0.933106
2130	0.718523	0.950943
2140	0.714681	0.968729
2150	0.711096	0.986454
2160	0.707758	1.004114
2170	0.704657	1.021701
2180	0.701784	1.039212
2190	0.699131	1.056642
2200	0.696689	1.073987
2210	0.694448	1.091244
2220	0.692402	1.108411
2230	0.690541	1.125484
2240	0.688859	1.142464
2250	0.687347	1.159348
2260	0.686	1.176136
2270	0.684809	1.192827
2280	0.683769	1.20942
2290	0.682873	1.225915
2300	0.682116	1.242313
2310	0.681492	1.258613
2320	0.680995	1.274817
2330	0.680621	1.290924
2340	0.680364	1.306935
2350	0.68022	1.322852
2360	0.680184	1.338674
2370	0.680253	1.354403
2380	0.680422	1.37004
2390	0.680687	1.385586
2400	0.681046	1.401042
2410	0.681494	1.416408
2420	0.682028	1.431688
2430	0.682645	1.44688
2440	0.683342	1.461987
2450	0.684116	1.47701
2460	0.684965	1.49195
2470	0.685886	1.506808
2480	0.686876	1.521585
2490	0.687934	1.536283
2500	0.689056	1.550903
